v2.4.4.5

// ===============================================================
a;Fit;Max Depth;[um];
// ===============================================================

// 2023-11-22, 12:19:48, 0
Single
0	5.026184437604E+1	1	1	0	1.456586566650E+4	5.026184437604E+1	1.455182566650E+4	8.724620778366E-3
// 2023-11-22, 12:34:03, 1
Array
0	5.027231891075E+1	1	1	0	1.542513099983E+4	5.027231891075E+1	1.541108599983E+4	8.880006138454E-3
1	5.023182386856E+1	1	1	0	1.544684099983E+4	5.023182386856E+1	1.543279599983E+4	-1.252640227079E-2
2	5.021050318282E+1	1	1	0	1.546856066650E+4	5.021050318282E+1	1.545451566650E+4	-2.797088598256E-2
3	5.018588407155E+1	1	1	0	1.549026099983E+4	5.018588407155E+1	1.547621599983E+4	-4.336176255690E-2
4	5.015876621049E+1	1	1	0	1.551194066650E+4	5.015876621049E+1	1.549789566650E+4	-5.860221211078E-2
5	5.016777986039E+1	1	1	0	1.553362066650E+4	5.016777986039E+1	1.551957566650E+4	-7.200364086891E-2
6	5.015113667313E+1	1	1	0	1.555533066650E+4	5.015113667313E+1	1.554128566650E+4	-8.847390370012E-2
7	5.012705067882E+1	1	1	0	1.557705066650E+4	5.012705067882E+1	1.556300566650E+4	-1.034278051312E-1
8	5.010189169407E+1	1	1	0	1.559875099983E+4	5.010189169407E+1	1.558470599983E+4	-1.189302112838E-1

// ===============================================================
b;Fit;Contact Point;[um];
// ===============================================================

// 2023-11-22, 12:19:48, 0
Single
0	-2.216774693115E+1	1	1	0	4.890431705190E+1	1.000000000000E+0	8.270859684973E-3	1.000000000000E+1
// 2023-11-22, 12:34:03, 1
Array
0	-2.145987273675E+1	1	1	0	4.886955173720E+1	1.000000000000E+0	9.208776468718E-3	1.000000000000E+1
1	2.342820419627E+1	1	1	0	4.885699531895E+1	1.000000000000E+0	1.398025231497E-2	1.000000000000E+1
2	-6.459612466901E+0	1	1	0	4.883763147133E+1	1.000000000000E+0	5.218117205267E-3	1.000000000000E+1
3	-5.072636938220E+0	1	1	0	4.884401241927E+1	1.000000000000E+0	5.751035478038E-3	1.000000000000E+1
4	5.528119606938E+0	1	1	0	4.884544928452E+1	1.000000000000E+0	8.641395831560E-3	1.000000000000E+1
5	-3.453622846017E+0	1	1	0	4.884082565383E+1	1.000000000000E+0	7.861979797619E-3	1.000000000000E+1
6	1.973704015909E+1	1	1	0	4.883865958973E+1	1.000000000000E+0	5.731407093324E-3	1.000000000000E+1
7	2.037918341610E+1	1	1	0	4.883899292374E+1	1.000000000000E+0	6.285446074946E-3	1.000000000000E+1
8	1.579497700697E+1	1	1	0	4.884712892957E+1	1.000000000000E+0	1.417523067309E-2	1.000000000000E+1

// ===============================================================
c;Fit;Max Force;[uN];
// ===============================================================

// 2023-11-22, 12:19:48, 0
Single
0	2.735522224326E+2	1	1	0	1.456586566650E+4	2.735522224326E+2	1.455182566650E+4	-3.559522451565E+0
// 2023-11-22, 12:34:03, 1
Array
0	3.106694991446E+2	1	1	0	1.542513099983E+4	3.106694991446E+2	1.541108599983E+4	-4.017256468050E+0
1	2.899024630980E+2	1	1	0	1.544684099983E+4	2.899024630980E+2	1.543279599983E+4	-4.261029877618E+0
2	2.821158560780E+2	1	1	0	1.546856066650E+4	2.821158560780E+2	1.545451566650E+4	-2.657556244869E+0
3	2.676258683753E+2	1	1	0	1.549026099983E+4	2.676258683753E+2	1.547621599983E+4	-2.456042684627E+0
4	2.525570247043E+2	1	1	0	1.551194066650E+4	2.525570247043E+2	1.549789566650E+4	-2.805417486758E+0
5	2.919724792889E+2	1	1	0	1.553362066650E+4	2.919724792889E+2	1.551957566650E+4	-3.248570398004E+0
6	2.911486700340E+2	1	1	0	1.555533066650E+4	2.911486700340E+2	1.554128566650E+4	-3.729726853370E+0
7	2.756373232496E+2	1	1	0	1.557705066650E+4	2.756373232496E+2	1.556300566650E+4	-3.720314247807E+0
8	2.595685971893E+2	1	1	0	1.559875099983E+4	2.595685971893E+2	1.558470599983E+4	-3.059771961642E+0

// ===============================================================
d;Funct;HMax;[um];
// ===============================================================

// 2023-11-22, 12:19:48, 0
Single
0	7.242959130720E+1	1	1	0	NaN	NaN	NaN	NaN
// 2023-11-22, 12:34:03, 1
Array
0	7.173219164750E+1	1	1	0	NaN	NaN	NaN	NaN
1	2.680361967229E+1	1	1	0	NaN	NaN	NaN	NaN
2	5.667011564973E+1	1	1	0	NaN	NaN	NaN	NaN
3	5.525852100977E+1	1	1	0	NaN	NaN	NaN	NaN
4	4.463064660355E+1	1	1	0	NaN	NaN	NaN	NaN
5	5.362140270640E+1	1	1	0	NaN	NaN	NaN	NaN
6	3.041409651404E+1	1	1	0	NaN	NaN	NaN	NaN
7	2.974786726272E+1	1	1	0	NaN	NaN	NaN	NaN
8	3.430691468710E+1	1	1	0	NaN	NaN	NaN	NaN

// ===============================================================
e;Fit;Stiffness;[N/m];
// ===============================================================

// 2023-11-22, 12:19:48, 0
Single
0	4.970107611332E+1	1	1	0	7.216497871273E+1	1.016120314860E+2	2.240361095532E+1	2.067835854236E+2
// 2023-11-22, 12:34:03, 1
Array
0	5.394377637266E+1	1	1	0	7.145734942417E+1	1.170207506617E+2	2.165946609048E+1	2.380587577915E+2
1	5.119278250196E+1	1	1	0	2.657829791565E+1	1.104540002977E+2	-2.321592814947E+1	2.251690304730E+2
2	4.950957236260E+1	1	1	0	5.645967703988E+1	1.093811322787E+2	6.669170282073E+0	2.214198208022E+2
3	4.737653088772E+1	1	1	0	5.507181205481E+1	1.037098581129E+2	5.281710195180E+0	2.098757589103E+2
4	4.837522286358E+1	1	1	0	4.447422447039E+1	9.723166747117E+1	-5.315297778630E+0	1.972687524291E+2
5	5.254198104670E+1	1	1	0	5.345261016718E+1	1.117729716343E+2	3.663286644877E+0	2.267945136665E+2
6	5.281149903043E+1	1	1	0	3.026198328386E+1	1.115792048676E+2	-1.952619866886E+1	2.268881365885E+2
7	4.927815504777E+1	1	1	0	2.961858237102E+1	1.056105486652E+2	-2.016838448792E+1	2.149414115781E+2
8	4.604768996618E+1	1	1	0	3.421210730331E+1	1.000966510748E+2	-1.557615392285E+1	2.032530741113E+2

// ===============================================================
f;Funct;Contact Depth;[um];
// ===============================================================

// 2023-11-22, 12:19:48, 0
Single
0	6.830162904021E+1	1	1	0	NaN	NaN	NaN	NaN
// 2023-11-22, 12:34:03, 1
Array
0	6.741284027787E+1	1	1	0	NaN	NaN	NaN	NaN
1	2.255640284412E+1	1	1	0	NaN	NaN	NaN	NaN
2	5.239645942606E+1	1	1	0	NaN	NaN	NaN	NaN
3	5.102183677982E+1	1	1	0	NaN	NaN	NaN	NaN
4	4.071505185658E+1	1	1	0	NaN	NaN	NaN	NaN
5	4.945369994559E+1	1	1	0	NaN	NaN	NaN	NaN
6	2.627936247819E+1	1	1	0	NaN	NaN	NaN	NaN
7	2.555274282600E+1	1	1	0	NaN	NaN	NaN	NaN
8	3.007920102687E+1	1	1	0	NaN	NaN	NaN	NaN

// ===============================================================
g;Funct;Area;[um^2];
// ===============================================================

// 2023-11-22, 12:19:48, 0
Single
0	-1.422673145895E+4	1	1	0	NaN	NaN	NaN	NaN
// 2023-11-22, 12:34:03, 1
Array
0	-1.385337228020E+4	1	1	0	NaN	NaN	NaN	NaN
1	-1.456688980468E+3	1	1	0	NaN	NaN	NaN	NaN
2	-8.295677125183E+3	1	1	0	NaN	NaN	NaN	NaN
3	-7.857701766080E+3	1	1	0	NaN	NaN	NaN	NaN
4	-4.952046456580E+3	1	1	0	NaN	NaN	NaN	NaN
5	-7.372567238024E+3	1	1	0	NaN	NaN	NaN	NaN
6	-2.004481151853E+3	1	1	0	NaN	NaN	NaN	NaN
7	-1.890727264224E+3	1	1	0	NaN	NaN	NaN	NaN
8	-2.653388942728E+3	1	1	0	NaN	NaN	NaN	NaN

// ===============================================================
h;Funct;Hardness;[MPa];
// ===============================================================

// 2023-11-22, 12:19:48, 0
Single
0	-1.922804427861E-2	1	1	0	NaN	NaN	NaN	NaN
// 2023-11-22, 12:34:03, 1
Array
0	-2.242555046243E-2	1	1	0	NaN	NaN	NaN	NaN
1	-1.990146606346E-1	1	1	0	NaN	NaN	NaN	NaN
2	-3.400757428487E-2	1	1	0	NaN	NaN	NaN	NaN
3	-3.405905140490E-2	1	1	0	NaN	NaN	NaN	NaN
4	-5.100053622654E-2	1	1	0	NaN	NaN	NaN	NaN
5	-3.960255225385E-2	1	1	0	NaN	NaN	NaN	NaN
6	-1.452488938421E-1	1	1	0	NaN	NaN	NaN	NaN
7	-1.457837565814E-1	1	1	0	NaN	NaN	NaN	NaN
8	-9.782531049609E-2	1	1	0	NaN	NaN	NaN	NaN

// ===============================================================
i;Funct;Reduced Mod.;[MPa];
// ===============================================================

// 2023-11-22, 12:19:48, 0
Single
0	NaN	1	1	0	NaN	NaN	NaN	NaN
// 2023-11-22, 12:34:03, 1
Array
0	NaN	1	1	0	NaN	NaN	NaN	NaN
1	NaN	1	1	0	NaN	NaN	NaN	NaN
2	NaN	1	1	0	NaN	NaN	NaN	NaN
3	NaN	1	1	0	NaN	NaN	NaN	NaN
4	NaN	1	1	0	NaN	NaN	NaN	NaN
5	NaN	1	1	0	NaN	NaN	NaN	NaN
6	NaN	1	1	0	NaN	NaN	NaN	NaN
7	NaN	1	1	0	NaN	NaN	NaN	NaN
8	NaN	1	1	0	NaN	NaN	NaN	NaN

// ===============================================================
j;Fit;Pos X;[um];
// ===============================================================

// 2023-11-22, 12:19:48, 0
Single
0	-8.578689981868E+2	1	1	0	1.456586566650E+4	-8.578660092351E+2	1.455182566650E+4	-8.578700000000E+2
// 2023-11-22, 12:34:03, 1
Array
0	-1.357906962963E+3	1	1	0	1.542513099983E+4	-1.357905010207E+3	1.541108599983E+4	-1.357908959321E+3
1	-8.579040988110E+2	1	1	0	1.544684099983E+4	-8.579030000000E+2	1.543279599983E+4	-8.579060000000E+2
2	-3.579062085751E+2	1	1	0	1.546856066650E+4	-3.579040000000E+2	1.545451566650E+4	-3.579080000000E+2
3	-3.579060625398E+2	1	1	0	1.549026099983E+4	-3.579040045843E+2	1.547621599983E+4	-3.579089954157E+2
4	-8.579039954157E+2	1	1	0	1.551194066650E+4	-8.579020017799E+2	1.549789566650E+4	-8.579050000000E+2
5	-1.357906147331E+3	1	1	0	1.553362066650E+4	-1.357905000000E+3	1.551957566650E+4	-1.357908000000E+3
6	-1.357914989793E+3	1	1	0	1.555533066650E+4	-1.357912030622E+3	1.554128566650E+4	-1.357916979660E+3
7	-8.579039897925E+2	1	1	0	1.557705066650E+4	-8.579010053398E+2	1.556300566650E+4	-8.579050000000E+2
8	-3.579069011890E+2	1	1	0	1.559875099983E+4	-3.579050000000E+2	1.558470599983E+4	-3.579080000000E+2

// ===============================================================
k;Fit;Pos Y;[um];
// ===============================================================

// 2023-11-22, 12:19:48, 0
Single
0	-4.221959953824E+2	1	1	0	1.456586566650E+4	-4.221930072528E+2	1.455182566650E+4	-4.221970000000E+2
// 2023-11-22, 12:34:03, 1
Array
0	-9.221620625398E+2	1	1	0	1.542513099983E+4	-9.221600406791E+2	1.541108599983E+4	-9.221639796604E+2
1	-9.221629374602E+2	1	1	0	1.544684099983E+4	-9.221600406791E+2	1.543279599983E+4	-9.221640000000E+2
2	-9.221639897925E+2	1	1	0	1.546856066650E+4	-9.221620000000E+2	1.545451566650E+4	-9.221650000000E+2
3	-4.221610203396E+2	1	1	0	1.549026099983E+4	-4.221600000000E+2	1.547621599983E+4	-4.221639593209E+2
4	-4.221649011890E+2	1	1	0	1.551194066650E+4	-4.221620137529E+2	1.549789566650E+4	-4.221669964401E+2
5	-4.221669954157E+2	1	1	0	1.553362066650E+4	-4.221650000000E+2	1.551957566650E+4	-4.221680000000E+2
6	7.783914733098E+1	1	1	0	1.555533066650E+4	7.784197958504E+1	1.554128566650E+4	7.783800000000E+1
7	7.784014733098E+1	1	1	0	1.557705066650E+4	7.784299541569E+1	1.556300566650E+4	7.783900000000E+1
8	7.783700000000E+1	1	1	0	1.559875099983E+4	7.783899083138E+1	1.558470599983E+4	7.783600000000E+1

// ===============================================================
l;Fit;Pos Z;[um];
// ===============================================================

// 2023-11-22, 12:19:48, 0
Single
0	-2.714280099819E+4	1	1	0	1.456586566650E+4	-2.714279700363E+4	1.455182566650E+4	-2.714280300000E+4
// 2023-11-22, 12:34:03, 1
Array
0	-2.713804009881E+4	1	1	0	1.542513099983E+4	-2.713803701021E+4	1.541108599983E+4	-2.713804300000E+4
1	-2.713936400000E+4	1	1	0	1.544684099983E+4	-2.713935202034E+4	1.543279599983E+4	-2.713936698979E+4
2	-2.714130200000E+4	1	1	0	1.546856066650E+4	-2.714128100000E+4	1.545451566650E+4	-2.714130500000E+4
3	-2.714353609881E+4	1	1	0	1.549026099983E+4	-2.714351202041E+4	1.547621599983E+4	-2.714354000000E+4
4	-2.714247000000E+4	1	1	0	1.551194066650E+4	-2.714244500458E+4	1.549789566650E+4	-2.714247200000E+4
5	-2.714002900000E+4	1	1	0	1.553362066650E+4	-2.714001300458E+4	1.551957566650E+4	-2.714003199822E+4
6	-2.714232100000E+4	1	1	0	1.555533066650E+4	-2.714229700000E+4	1.554128566650E+4	-2.714232499822E+4
7	-2.714413400000E+4	1	1	0	1.557705066650E+4	-2.714412200000E+4	1.556300566650E+4	-2.714413699822E+4
8	-2.714598599644E+4	1	1	0	1.559875099983E+4	-2.714597600458E+4	1.558470599983E+4	-2.714598800000E+4
